,A,R,N,D,C,Q,E,G,H,I,L,K,M,F,P,S,T,W,Y,V,-
A,1,0.354166667,0.225,0.225,0.403846154,0.354166667,0.354166667,0.45,0.208333333,0.375,0.375,0.354166667,0.354166667,0.225,0.323863636,0.625,0.472222222,0.095833333,0.215909091,0.5,0
R,0.354166667,1,0.422222222,0.211111111,0.094017094,0.555555556,0.444444444,0.211111111,0.388888889,0.118055556,0.236111111,0.666666667,0.333333333,0.105555556,0.202020202,0.354166667,0.333333333,0.088888889,0.202020202,0.118055556,0
N,0.225,0.422222222,1,0.5,0.088461538,0.422222222,0.422222222,0.4,0.458333333,0.1125,0.1125,0.422222222,0.211111111,0.1,0.190909091,0.5625,0.422222222,0,0.190909091,0.1125,0
D,0.225,0.211111111,0.5,1,0.088461538,0.422222222,0.633333333,0.3,0.275,0.1125,0,0.316666667,0.105555556,0.1,0.286363636,0.45,0.316666667,0,0.095454545,0.1125,0
C,0.403846154,0.094017094,0.088461538,0.088461538,1,0.094017094,0,0.088461538,0.080128205,0.302884615,0.302884615,0.094017094,0.282051282,0.176923077,0.083916084,0.302884615,0.282051282,0.143589744,0.167832168,0.302884615,0
Q,0.354166667,0.555555556,0.422222222,0.422222222,0.094017094,1,0.666666667,0.211111111,0.388888889,0.118055556,0.236111111,0.555555556,0.444444444,0.105555556,0.303030303,0.472222222,0.333333333,0.177777778,0.303030303,0.236111111,0
E,0.354166667,0.444444444,0.422222222,0.633333333,0,0.666666667,1,0.211111111,0.388888889,0.118055556,0.118055556,0.555555556,0.222222222,0.105555556,0.303030303,0.472222222,0.333333333,0.088888889,0.202020202,0.236111111,0
G,0.45,0.211111111,0.4,0.3,0.088461538,0.211111111,0.211111111,1,0.183333333,0,0,0.211111111,0.105555556,0.1,0.190909091,0.45,0.211111111,0.166666667,0.095454545,0.1125,0
H,0.208333333,0.388888889,0.458333333,0.275,0.080128205,0.388888889,0.388888889,0.183333333,1,0.104166667,0.104166667,0.291666667,0.194444444,0.275,0.174242424,0.3125,0.194444444,0.15,0.522727273,0.104166667,0
I,0.375,0.118055556,0.1125,0.1125,0.302884615,0.118055556,0.118055556,0,0.104166667,1,0.75,0.118055556,0.590277778,0.45,0.107954545,0.25,0.354166667,0.095833333,0.323863636,0.875,0
L,0.375,0.236111111,0.1125,0,0.302884615,0.236111111,0.118055556,0,0.104166667,0.75,1,0.236111111,0.708333333,0.45,0.107954545,0.25,0.354166667,0.191666667,0.323863636,0.625,0
K,0.354166667,0.666666667,0.422222222,0.316666667,0.094017094,0.555555556,0.555555556,0.211111111,0.291666667,0.118055556,0.236111111,1,0.333333333,0.105555556,0.303030303,0.472222222,0.333333333,0.088888889,0.202020202,0.236111111,0
M,0.354166667,0.333333333,0.211111111,0.105555556,0.282051282,0.444444444,0.222222222,0.105555556,0.194444444,0.590277778,0.708333333,0.333333333,1,0.422222222,0.202020202,0.354166667,0.333333333,0.266666667,0.303030303,0.590277778,0
F,0.225,0.105555556,0.1,0.1,0.176923077,0.105555556,0.105555556,0.1,0.275,0.45,0.45,0.105555556,0.422222222,1,0,0.225,0.211111111,0.416666667,0.668181818,0.3375,0
P,0.323863636,0.202020202,0.190909091,0.286363636,0.083916084,0.303030303,0.303030303,0.190909091,0.174242424,0.107954545,0.107954545,0.303030303,0.202020202,0,1,0.323863636,0.303030303,0,0.090909091,0.215909091,0
S,0.625,0.354166667,0.5625,0.45,0.302884615,0.472222222,0.472222222,0.45,0.3125,0.25,0.25,0.472222222,0.354166667,0.225,0.323863636,1,0.590277778,0.095833333,0.215909091,0.25,0
T,0.472222222,0.333333333,0.422222222,0.316666667,0.282051282,0.333333333,0.333333333,0.211111111,0.194444444,0.354166667,0.354166667,0.333333333,0.333333333,0.211111111,0.303030303,0.590277778,1,0.177777778,0.202020202,0.472222222,0
W,0.095833333,0.088888889,0,0,0.143589744,0.177777778,0.088888889,0.166666667,0.15,0.095833333,0.191666667,0.088888889,0.266666667,0.416666667,0,0.095833333,0.177777778,1,0.472727273,0.095833333,0
Y,0.215909091,0.202020202,0.190909091,0.095454545,0.167832168,0.303030303,0.202020202,0.095454545,0.522727273,0.323863636,0.323863636,0.202020202,0.303030303,0.668181818,0.090909091,0.215909091,0.202020202,0.472727273,1,0.323863636,0
V,0.5,0.118055556,0.1125,0.1125,0.302884615,0.236111111,0.236111111,0.1125,0.104166667,0.875,0.625,0.236111111,0.590277778,0.3375,0.215909091,0.25,0.472222222,0.095833333,0.323863636,1,0
-,0,0,0,0,0,0,0,0,0,0,0,0,0,0,0,0,0,0,0,0,1
