,A,R,N,D,C,Q,E,G,H,I,L,K,M,F,P,S,T,W,Y,V,*
A,1.0,0.35416666666666663,0.225,0.225,0.40384615384615385,0.35416666666666663,0.35416666666666663,0.45,0.20833333333333331,0.375,0.375,0.35416666666666663,0.35416666666666663,0.225,0.32386363636363635,0.625,0.4722222222222222,0.09583333333333333,0.2159090909090909,0.5,0.0
R,0.35416666666666663,1.0,0.4222222222222222,0.2111111111111111,0.09401709401709402,0.5555555555555556,0.4444444444444444,0.2111111111111111,0.38888888888888884,0.11805555555555555,0.2361111111111111,0.6666666666666666,0.3333333333333333,0.10555555555555556,0.20202020202020202,0.35416666666666663,0.3333333333333333,0.08888888888888888,0.20202020202020202,0.11805555555555555,0.0
N,0.225,0.4222222222222222,1.0,0.5,0.08846153846153847,0.4222222222222222,0.4222222222222222,0.4,0.45833333333333337,0.1125,0.1125,0.4222222222222222,0.2111111111111111,0.1,0.19090909090909092,0.5625,0.4222222222222222,0.0,0.19090909090909092,0.1125,0.0
D,0.225,0.2111111111111111,0.5,1.0,0.08846153846153847,0.4222222222222222,0.6333333333333333,0.3,0.275,0.1125,0.0,0.31666666666666665,0.10555555555555556,0.1,0.2863636363636364,0.45,0.31666666666666665,0.0,0.09545454545454546,0.1125,0.0
C,0.40384615384615385,0.09401709401709402,0.08846153846153847,0.08846153846153847,1.0,0.09401709401709402,0.0,0.08846153846153847,0.08012820512820512,0.3028846153846154,0.3028846153846154,0.09401709401709402,0.28205128205128205,0.17692307692307693,0.08391608391608392,0.3028846153846154,0.28205128205128205,0.14358974358974358,0.16783216783216784,0.3028846153846154,0.0
Q,0.35416666666666663,0.5555555555555556,0.4222222222222222,0.4222222222222222,0.09401709401709402,1.0,0.6666666666666666,0.2111111111111111,0.38888888888888884,0.11805555555555555,0.2361111111111111,0.5555555555555556,0.4444444444444444,0.10555555555555556,0.303030303030303,0.4722222222222222,0.3333333333333333,0.17777777777777776,0.303030303030303,0.2361111111111111,0.0
E,0.35416666666666663,0.4444444444444444,0.4222222222222222,0.6333333333333333,0.0,0.6666666666666666,1.0,0.2111111111111111,0.38888888888888884,0.11805555555555555,0.11805555555555555,0.5555555555555556,0.2222222222222222,0.10555555555555556,0.303030303030303,0.4722222222222222,0.3333333333333333,0.08888888888888888,0.20202020202020202,0.2361111111111111,0.0
G,0.45,0.2111111111111111,0.4,0.3,0.08846153846153847,0.2111111111111111,0.2111111111111111,1.0,0.18333333333333335,0.0,0.0,0.2111111111111111,0.10555555555555556,0.1,0.19090909090909092,0.45,0.2111111111111111,0.16666666666666669,0.09545454545454546,0.1125,0.0
H,0.20833333333333331,0.38888888888888884,0.45833333333333337,0.275,0.08012820512820512,0.38888888888888884,0.38888888888888884,0.18333333333333335,1.0,0.10416666666666666,0.10416666666666666,0.29166666666666663,0.19444444444444442,0.275,0.17424242424242425,0.3125,0.19444444444444442,0.15,0.5227272727272727,0.10416666666666666,0.0
I,0.375,0.11805555555555555,0.1125,0.1125,0.3028846153846154,0.11805555555555555,0.11805555555555555,0.0,0.10416666666666666,1.0,0.75,0.11805555555555555,0.5902777777777778,0.45,0.10795454545454546,0.25,0.35416666666666663,0.09583333333333333,0.32386363636363635,0.875,0.0
L,0.375,0.2361111111111111,0.1125,0.0,0.3028846153846154,0.2361111111111111,0.11805555555555555,0.0,0.10416666666666666,0.75,1.0,0.2361111111111111,0.7083333333333333,0.45,0.10795454545454546,0.25,0.35416666666666663,0.19166666666666665,0.32386363636363635,0.625,0.0
K,0.35416666666666663,0.6666666666666666,0.4222222222222222,0.31666666666666665,0.09401709401709402,0.5555555555555556,0.5555555555555556,0.2111111111111111,0.29166666666666663,0.11805555555555555,0.2361111111111111,1.0,0.3333333333333333,0.10555555555555556,0.303030303030303,0.4722222222222222,0.3333333333333333,0.08888888888888888,0.20202020202020202,0.2361111111111111,0.0
M,0.35416666666666663,0.3333333333333333,0.2111111111111111,0.10555555555555556,0.28205128205128205,0.4444444444444444,0.2222222222222222,0.10555555555555556,0.19444444444444442,0.5902777777777778,0.7083333333333333,0.3333333333333333,1.0,0.4222222222222222,0.20202020202020202,0.35416666666666663,0.3333333333333333,0.26666666666666666,0.303030303030303,0.5902777777777778,0.0
F,0.225,0.10555555555555556,0.1,0.1,0.17692307692307693,0.10555555555555556,0.10555555555555556,0.1,0.275,0.45,0.45,0.10555555555555556,0.4222222222222222,1.0,0.0,0.225,0.2111111111111111,0.41666666666666663,0.6681818181818182,0.3375,0.0
P,0.32386363636363635,0.20202020202020202,0.19090909090909092,0.2863636363636364,0.08391608391608392,0.303030303030303,0.303030303030303,0.19090909090909092,0.17424242424242425,0.10795454545454546,0.10795454545454546,0.303030303030303,0.20202020202020202,0.0,1.0,0.32386363636363635,0.303030303030303,0.0,0.09090909090909091,0.2159090909090909,0.0
S,0.625,0.35416666666666663,0.5625,0.45,0.3028846153846154,0.4722222222222222,0.4722222222222222,0.45,0.3125,0.25,0.25,0.4722222222222222,0.35416666666666663,0.225,0.32386363636363635,1.0,0.5902777777777778,0.09583333333333333,0.2159090909090909,0.25,0.0
T,0.4722222222222222,0.3333333333333333,0.4222222222222222,0.31666666666666665,0.28205128205128205,0.3333333333333333,0.3333333333333333,0.2111111111111111,0.19444444444444442,0.35416666666666663,0.35416666666666663,0.3333333333333333,0.3333333333333333,0.2111111111111111,0.303030303030303,0.5902777777777778,1.0,0.17777777777777776,0.20202020202020202,0.4722222222222222,0.0
W,0.09583333333333333,0.08888888888888888,0.0,0.0,0.14358974358974358,0.17777777777777776,0.08888888888888888,0.16666666666666669,0.15,0.09583333333333333,0.19166666666666665,0.08888888888888888,0.26666666666666666,0.41666666666666663,0.0,0.09583333333333333,0.17777777777777776,1.0,0.4727272727272727,0.09583333333333333,0.0
Y,0.2159090909090909,0.20202020202020202,0.19090909090909092,0.09545454545454546,0.16783216783216784,0.303030303030303,0.20202020202020202,0.09545454545454546,0.5227272727272727,0.32386363636363635,0.32386363636363635,0.20202020202020202,0.303030303030303,0.6681818181818182,0.09090909090909091,0.2159090909090909,0.20202020202020202,0.4727272727272727,1.0,0.32386363636363635,0.0
V,0.5,0.11805555555555555,0.1125,0.1125,0.3028846153846154,0.2361111111111111,0.2361111111111111,0.1125,0.10416666666666666,0.875,0.625,0.2361111111111111,0.5902777777777778,0.3375,0.2159090909090909,0.25,0.4722222222222222,0.09583333333333333,0.32386363636363635,1.0,0.0
*,0.0,0.0,0.0,0.0,0.0,0.0,0.0,0.0,0.0,0.0,0.0,0.0,0.0,0.0,0.0,0.0,0.0,0.0,0.0,0.0,1.0
